e=[1 2 5 4];
e(3);
e(2:3);
e+1;
3*e;
e.^2;
A=[1 0 2;-2 0 -3;1 2 0];
A(2,1);
A(1:2, 3);
A(2:3,2:3);
t=0:1:11